BEGIN_FILE
	Version	2
	Dimension	XY
	InitialConfiguration

BEGIN_BLOCK

BEGIN_NODES
1	0	100
2	100	100
3	100	0
4	0	0
5	50	50
6	0	50
7	50	0
8	100	50
9	50	100
10	25	25
11	25	75
12	75	25
13	75	75
14	25	50
15	0	25
16	25	0
17	50	25
18	0	75
19	50	75
20	25	100
21	75	0
22	100	25
23	75	50
24	100	75
25	75	100
26	12.5	37.5
27	37.5	37.5
28	37.5	62.5
29	12.5	62.5
30	12.5	12.5
31	37.5	12.5
32	62.5	12.5
33	62.5	37.5
34	12.5	87.5
35	37.5	87.5
36	62.5	62.5
37	62.5	87.5
38	87.5	12.5
39	87.5	37.5
40	87.5	62.5
41	87.5	87.5
42	25	37.5
43	12.5	50
44	0	37.5
45	12.5	25
46	37.5	50
47	37.5	25
48	50	37.5
49	25	62.5
50	50	62.5
51	37.5	75
52	12.5	75
53	0	62.5
54	0	12.5
55	12.5	0
56	25	12.5
57	37.5	0
58	50	12.5
59	62.5	25
60	62.5	0
61	75	12.5
62	75	37.5
63	62.5	50
64	0	87.5
65	25	87.5
66	12.5	100
67	50	87.5
68	37.5	100
69	62.5	75
70	75	62.5
71	75	87.5
72	62.5	100
73	87.5	0
74	100	12.5
75	87.5	25
76	100	37.5
77	87.5	50
78	100	62.5
79	87.5	75
80	100	87.5
81	87.5	100
82	18.75	43.75
83	18.75	31.25
84	31.25	31.25
85	31.25	43.75
86	6.25	43.75
87	18.75	56.25
88	6.25	56.25
89	6.25	31.25
90	6.25	18.75
91	18.75	18.75
92	43.75	43.75
93	43.75	56.25
94	31.25	56.25
95	43.75	31.25
96	31.25	18.75
97	43.75	18.75
98	56.25	31.25
99	56.25	43.75
100	31.25	68.75
101	18.75	68.75
102	43.75	68.75
103	56.25	56.25
104	56.25	68.75
105	43.75	81.25
106	31.25	81.25
107	6.25	68.75
108	18.75	81.25
109	6.25	81.25
110	6.25	6.25
111	18.75	6.25
112	31.25	6.25
113	43.75	6.25
114	56.25	6.25
115	56.25	18.75
116	68.75	18.75
117	68.75	31.25
118	68.75	6.25
119	81.25	6.25
120	81.25	18.75
121	68.75	43.75
122	81.25	31.25
123	81.25	43.75
124	68.75	56.25
125	6.25	93.75
126	18.75	93.75
127	31.25	93.75
128	43.75	93.75
129	56.25	81.25
130	56.25	93.75
131	68.75	68.75
132	68.75	81.25
133	81.25	56.25
134	81.25	68.75
135	68.75	93.75
136	81.25	81.25
137	81.25	93.75
138	93.75	6.25
139	93.75	18.75
140	93.75	31.25
141	93.75	43.75
142	93.75	56.25
143	93.75	68.75
144	93.75	81.25
145	93.75	93.75
146	18.75	37.5
147	25	43.75
148	18.75	50
149	12.5	43.75
150	25	31.25
151	12.5	31.25
152	18.75	25
153	31.25	37.5
154	31.25	25
155	37.5	31.25
156	37.5	43.75
157	31.25	50
158	6.25	50
159	0	43.75
160	6.25	37.5
161	12.5	56.25
162	25	56.25
163	18.75	62.5
164	6.25	62.5
165	0	56.25
166	0	31.25
167	6.25	25
168	12.5	18.75
169	0	18.75
170	6.25	12.5
171	18.75	12.5
172	25	18.75
173	43.75	50
174	43.75	37.5
175	50	43.75
176	37.5	56.25
177	50	56.25
178	43.75	62.5
179	31.25	62.5
180	43.75	25
181	50	31.25
182	37.5	18.75
183	31.25	12.5
184	43.75	12.5
185	50	18.75
186	56.25	37.5
187	56.25	25
188	62.5	31.25
189	62.5	43.75
190	56.25	50
191	25	68.75
192	37.5	68.75
193	31.25	75
194	18.75	75
195	12.5	68.75
196	50	68.75
197	43.75	75
198	56.25	62.5
199	62.5	56.25
200	62.5	68.75
201	56.25	75
202	37.5	81.25
203	50	81.25
204	43.75	87.5
205	31.25	87.5
206	25	81.25
207	6.25	75
208	0	68.75
209	12.5	81.25
210	18.75	87.5
211	6.25	87.5
212	0	81.25
213	0	6.25
214	6.25	0
215	12.5	6.25
216	18.75	0
217	25	6.25
218	31.25	0
219	37.5	6.25
220	43.75	0
221	50	6.25
222	56.25	12.5
223	56.25	0
224	62.5	6.25
225	62.5	18.75
226	68.75	25
227	68.75	12.5
228	75	18.75
229	75	31.25
230	68.75	37.5
231	68.75	0
232	75	6.25
233	81.25	12.5
234	81.25	0
235	87.5	6.25
236	87.5	18.75
237	81.25	25
238	75	43.75
239	68.75	50
240	81.25	37.5
241	87.5	31.25
242	87.5	43.75
243	81.25	50
244	75	56.25
245	68.75	62.5
246	0	93.75
247	12.5	93.75
248	6.25	100
249	25	93.75
250	18.75	100
251	37.5	93.75
252	31.25	100
253	50	93.75
254	43.75	100
255	56.25	87.5
256	62.5	81.25
257	62.5	93.75
258	56.25	100
259	68.75	75
260	75	68.75
261	75	81.25
262	68.75	87.5
263	81.25	62.5
264	87.5	56.25
265	87.5	68.75
266	81.25	75
267	75	93.75
268	68.75	100
269	81.25	87.5
270	87.5	81.25
271	87.5	93.75
272	81.25	100
273	93.75	0
274	100	6.25
275	93.75	12.5
276	100	18.75
277	93.75	25
278	100	31.25
279	93.75	37.5
280	100	43.75
281	93.75	50
282	100	56.25
283	93.75	62.5
284	100	68.75
285	93.75	75
286	100	81.25
287	93.75	87.5
288	100	93.75
289	93.75	100
290	21.875	40.625
291	15.625	40.625
292	15.625	34.375
293	21.875	34.375
294	21.875	46.875
295	28.125	40.625
296	28.125	46.875
297	15.625	46.875
298	21.875	53.125
299	15.625	53.125
300	9.375	46.875
301	9.375	40.625
302	21.875	28.125
303	28.125	28.125
304	28.125	34.375
305	15.625	28.125
306	9.375	34.375
307	9.375	28.125
308	15.625	21.875
309	21.875	21.875
310	34.375	34.375
311	34.375	40.625
312	34.375	28.125
313	28.125	21.875
314	34.375	21.875
315	40.625	28.125
316	40.625	34.375
317	34.375	46.875
318	40.625	40.625
319	40.625	46.875
320	34.375	53.125
321	28.125	53.125
322	3.125	46.875
323	9.375	53.125
324	3.125	53.125
325	3.125	40.625
326	3.125	34.375
327	15.625	59.375
328	9.375	59.375
329	21.875	59.375
330	28.125	59.375
331	21.875	65.625
332	15.625	65.625
333	3.125	59.375
334	9.375	65.625
335	3.125	65.625
336	3.125	28.125
337	3.125	21.875
338	9.375	21.875
339	9.375	15.625
340	15.625	15.625
341	3.125	15.625
342	3.125	9.375
343	9.375	9.375
344	21.875	15.625
345	15.625	9.375
346	21.875	9.375
347	28.125	15.625
348	46.875	46.875
349	46.875	53.125
350	40.625	53.125
351	46.875	40.625
352	46.875	34.375
353	53.125	40.625
354	53.125	46.875
355	40.625	59.375
356	34.375	59.375
357	46.875	59.375
358	53.125	53.125
359	53.125	59.375
360	46.875	65.625
361	40.625	65.625
362	34.375	65.625
363	28.125	65.625
364	46.875	28.125
365	40.625	21.875
366	46.875	21.875
367	53.125	28.125
368	53.125	34.375
369	34.375	15.625
370	40.625	15.625
371	28.125	9.375
372	34.375	9.375
373	46.875	15.625
374	40.625	9.375
375	46.875	9.375
376	53.125	15.625
377	53.125	21.875
378	59.375	34.375
379	59.375	40.625
380	59.375	28.125
381	59.375	21.875
382	65.625	28.125
383	65.625	34.375
384	59.375	46.875
385	65.625	40.625
386	65.625	46.875
387	59.375	53.125
388	28.125	71.875
389	21.875	71.875
390	34.375	71.875
391	40.625	71.875
392	34.375	78.125
393	28.125	78.125
394	15.625	71.875
395	21.875	78.125
396	15.625	78.125
397	9.375	71.875
398	46.875	71.875
399	53.125	65.625
400	53.125	71.875
401	46.875	78.125
402	40.625	78.125
403	59.375	59.375
404	59.375	65.625
405	65.625	53.125
406	65.625	59.375
407	59.375	71.875
408	65.625	65.625
409	65.625	71.875
410	59.375	78.125
411	53.125	78.125
412	40.625	84.375
413	34.375	84.375
414	46.875	84.375
415	53.125	84.375
416	46.875	90.625
417	40.625	90.625
418	28.125	84.375
419	34.375	90.625
420	28.125	90.625
421	21.875	84.375
422	3.125	71.875
423	9.375	78.125
424	3.125	78.125
425	15.625	84.375
426	9.375	84.375
427	21.875	90.625
428	15.625	90.625
429	3.125	84.375
430	9.375	90.625
431	3.125	90.625
432	3.125	3.125
433	9.375	3.125
434	15.625	3.125
435	21.875	3.125
436	28.125	3.125
437	34.375	3.125
438	40.625	3.125
439	46.875	3.125
440	53.125	3.125
441	53.125	9.375
442	59.375	9.375
443	59.375	15.625
444	59.375	3.125
445	65.625	3.125
446	65.625	9.375
447	65.625	15.625
448	65.625	21.875
449	71.875	21.875
450	71.875	28.125
451	71.875	15.625
452	71.875	9.375
453	78.125	15.625
454	78.125	21.875
455	71.875	34.375
456	78.125	28.125
457	78.125	34.375
458	71.875	40.625
459	71.875	3.125
460	78.125	3.125
461	78.125	9.375
462	84.375	9.375
463	84.375	15.625
464	84.375	3.125
465	90.625	3.125
466	90.625	9.375
467	84.375	21.875
468	90.625	15.625
469	90.625	21.875
470	84.375	28.125
471	71.875	46.875
472	78.125	40.625
473	78.125	46.875
474	71.875	53.125
475	84.375	34.375
476	84.375	40.625
477	90.625	28.125
478	90.625	34.375
479	84.375	46.875
480	90.625	40.625
481	90.625	46.875
482	84.375	53.125
483	78.125	53.125
484	71.875	59.375
485	78.125	59.375
486	71.875	65.625
487	3.125	96.875
488	9.375	96.875
489	15.625	96.875
490	21.875	96.875
491	28.125	96.875
492	34.375	96.875
493	40.625	96.875
494	46.875	96.875
495	53.125	90.625
496	53.125	96.875
497	59.375	84.375
498	59.375	90.625
499	65.625	78.125
500	65.625	84.375
501	59.375	96.875
502	65.625	90.625
503	65.625	96.875
504	71.875	71.875
505	71.875	78.125
506	78.125	65.625
507	78.125	71.875
508	71.875	84.375
509	78.125	78.125
510	78.125	84.375
511	71.875	90.625
512	84.375	59.375
513	84.375	65.625
514	90.625	53.125
515	90.625	59.375
516	84.375	71.875
517	90.625	65.625
518	90.625	71.875
519	84.375	78.125
520	71.875	96.875
521	78.125	90.625
522	78.125	96.875
523	84.375	84.375
524	84.375	90.625
525	90.625	78.125
526	90.625	84.375
527	84.375	96.875
528	90.625	90.625
529	90.625	96.875
530	96.875	3.125
531	96.875	9.375
532	96.875	15.625
533	96.875	21.875
534	96.875	28.125
535	96.875	34.375
536	96.875	40.625
537	96.875	46.875
538	96.875	53.125
539	96.875	59.375
540	96.875	65.625
541	96.875	71.875
542	96.875	78.125
543	96.875	84.375
544	96.875	90.625
545	96.875	96.875

BEGIN_EDGES

BEGIN_FACES

BEGIN_ELEMENTS
1	Quad	EL1	ECTri1	260	13	504	9275384	1	0
2	Quad	EL1	ECTri1	146	290	82	9288592	1	0
3	Quad	EL1	ECTri1	487	248	1	0	1	0
4	Quad	EL1	ECTri1	324	165	6	0	1	0
5	Quad	EL1	ECTri1	5	348	175	5520512	1	0
6	Quad	EL1	ECTri1	175	354	5	0	1	0
7	Quad	EL1	ECTri1	5	354	190	9275688	1	0
8	Quad	EL1	ECTri1	253	496	9	9276808	1	0
9	Quad	EL1	ECTri1	183	31	369	0	1	0
10	Quad	EL1	ECTri1	152	309	10	0	1	0
11	Quad	EL1	ECTri1	193	393	11	0	1	0
12	Quad	EL1	ECTri1	6	158	324	0	1	0
13	Quad	EL1	ECTri1	241	39	475	0	1	0
14	Quad	EL1	ECTri1	228	454	12	0	1	0
15	Quad	EL1	ECTri1	258	9	496	0	1	0
16	Quad	EL1	ECTri1	270	41	523	1048576	1	0
17	Quad	EL1	ECTri1	330	49	162	999888777	1	0
18	Quad	EL1	ECTri1	296	157	14	0	1	0
19	Quad	EL1	ECTri1	10	302	152	0	1	0
20	Quad	EL1	ECTri1	10	309	172	0	1	0
21	Quad	EL1	ECTri1	381	59	187	0	1	0
22	Quad	EL1	ECTri1	180	366	17	1078525952	1	0
23	Quad	EL1	ECTri1	424	212	18	0	1	0
24	Quad	EL1	ECTri1	400	201	19	0	1	0
25	Quad	EL1	ECTri1	11	388	193	0	1	0
26	Quad	EL1	ECTri1	249	491	20	0	1	0
27	Quad	EL1	ECTri1	12	449	228	0	1	0
28	Quad	EL1	ECTri1	12	454	237	0	1	0
29	Quad	EL1	ECTri1	507	13	260	999888777	1	0
30	Quad	EL1	ECTri1	238	473	23	0	1	0
31	Quad	EL1	ECTri1	13	507	266	0	1	0
32	Quad	EL1	ECTri1	267	522	25	0	1	0
33	Quad	EL1	ECTri1	160	89	306	0	1	0
34	Quad	EL1	ECTri1	149	301	26	1078525952	1	0
35	Quad	EL1	ECTri1	155	316	27	0	1	0
36	Quad	EL1	ECTri1	14	147	296	0	1	0
37	Quad	EL1	ECTri1	178	361	28	0	1	0
38	Quad	EL1	ECTri1	14	157	321	0	1	0
39	Quad	EL1	ECTri1	195	107	334	0	1	0
40	Quad	EL1	ECTri1	327	163	29	0	1	0
41	Quad	EL1	ECTri1	215	111	345	999888777	1	0
42	Quad	EL1	ECTri1	170	343	30	0	1	0
43	Quad	EL1	ECTri1	185	17	366	0	1	0
44	Quad	EL1	ECTri1	219	113	374	0	1	0
45	Quad	EL1	ECTri1	224	446	32	0	1	0
46	Quad	EL1	ECTri1	17	185	377	7667816	1	0
47	Quad	EL1	ECTri1	230	121	385	0	1	0
48	Quad	EL1	ECTri1	378	188	33	0	1	0
49	Quad	EL1	ECTri1	210	428	34	0	1	0
50	Quad	EL1	ECTri1	18	207	424	0	1	0
51	Quad	EL1	ECTri1	252	20	491	1079113728	1	0
52	Quad	EL1	ECTri1	204	417	35	1077682176	1	0
53	Quad	EL1	ECTri1	403	199	36	1079113728	1	0
54	Quad	EL1	ECTri1	19	196	400	1076838400	1	0
55	Quad	EL1	ECTri1	262	135	502	1079113728	1	0
56	Quad	EL1	ECTri1	497	256	37	1077682176	1	0
57	Quad	EL1	ECTri1	275	139	468	1079113728	1	0
58	Quad	EL1	ECTri1	235	466	38	1074331648	1	0
59	Quad	EL1	ECTri1	243	23	473	1079216128	1	0
60	Quad	EL1	ECTri1	279	141	480	1076019200	1	0
61	Quad	EL1	ECTri1	283	143	517	1079318528	1	0
62	Quad	EL1	ECTri1	512	264	40	1074331648	1	0
63	Quad	EL1	ECTri1	272	25	522	1079318528	1	0
64	Quad	EL1	ECTri1	287	145	528	1076838400	1	0
65	Quad	EL1	ECTri1	304	153	42	1079318528	1	0
66	Quad	EL1	ECTri1	293	150	42	1078423552	1	0
67	Quad	EL1	ECTri1	299	161	43	1079216128	1	0
68	Quad	EL1	ECTri1	26	291	149	1078628352	1	0
69	Quad	EL1	ECTri1	26	301	160	1079318528	1	0
70	Quad	EL1	ECTri1	338	168	45	1077682176	1	0
71	Quad	EL1	ECTri1	151	307	45	1079318528	1	0
72	Quad	EL1	ECTri1	350	176	46	1078218752	1	0
73	Quad	EL1	ECTri1	319	173	46	1079318528	1	0
74	Quad	EL1	ECTri1	314	182	47	1078628352	1	0
75	Quad	EL1	ECTri1	27	310	155	1079216128	1	0
76	Quad	EL1	ECTri1	368	186	48	1079011328	1	0
77	Quad	EL1	ECTri1	174	352	48	1076019200	1	0
78	Quad	EL1	ECTri1	332	29	163	1079523328	1	0
79	Quad	EL1	ECTri1	363	191	49	1077682176	1	0
80	Quad	EL1	ECTri1	359	198	50	1079523328	1	0
81	Quad	EL1	ECTri1	28	355	178	1078423552	1	0
82	Quad	EL1	ECTri1	402	202	51	1079420928	1	0
83	Quad	EL1	ECTri1	192	391	51	1078833152	1	0
84	Quad	EL1	ECTri1	396	209	52	1079420928	1	0
85	Quad	EL1	ECTri1	29	332	195	1079011328	1	0
86	Quad	EL1	ECTri1	164	335	53	1079523328	1	0
87	Quad	EL1	ECTri1	30	339	170	1079011328	1	0
88	Quad	EL1	ECTri1	30	343	215	1079113728	1	0
89	Quad	EL1	ECTri1	372	31	183	1079216128	1	0
90	Quad	EL1	ECTri1	171	346	56	1079113728	1	0
91	Quad	EL1	ECTri1	31	372	219	1079216128	1	0
92	Quad	EL1	ECTri1	441	222	58	7957621	1	0
93	Quad	EL1	ECTri1	184	375	58	1919246957	1	0
94	Quad	EL1	ECTri1	383	33	188	1700949349	1	0
95	Quad	EL1	ECTri1	448	226	59	793595136	1	0
96	Quad	EL1	ECTri1	32	442	224	2038004000	1	0
97	Quad	EL1	ECTri1	461	233	61	276256	1	0
98	Quad	EL1	ECTri1	227	452	61	2621480	1	0
99	Quad	EL1	ECTri1	457	240	62	2097184	1	0
100	Quad	EL1	ECTri1	33	383	230	1048592	1	0
101	Quad	EL1	ECTri1	406	36	199	1048592	1	0
102	Quad	EL1	ECTri1	189	386	63	1048592	1	0
103	Quad	EL1	ECTri1	431	246	64	65665	1	0
104	Quad	EL1	ECTri1	11	393	206	65537	1	0
105	Quad	EL1	ECTri1	34	425	210	1048592	1	0
106	Quad	EL1	ECTri1	247	489	66	131074	1	0
107	Quad	EL1	ECTri1	415	255	67	131074	1	0
108	Quad	EL1	ECTri1	35	412	204	0	1	0
109	Quad	EL1	ECTri1	251	493	68	0	1	0
110	Quad	EL1	ECTri1	500	37	256	0	1	0
111	Quad	EL1	ECTri1	409	259	69	0	1	0
112	Quad	EL1	ECTri1	485	263	70	0	1	0
113	Quad	EL1	ECTri1	36	406	245	0	1	0
114	Quad	EL1	ECTri1	510	269	71	0	1	0
115	Quad	EL1	ECTri1	37	500	262	0	1	0
116	Quad	EL1	ECTri1	257	503	72	0	1	0
117	Quad	EL1	ECTri1	38	462	235	0	1	0
118	Quad	EL1	ECTri1	38	466	275	0	1	0
119	Quad	EL1	ECTri1	478	39	241	9308856	1	0
120	Quad	EL1	ECTri1	236	469	75	9311200	1	0
121	Quad	EL1	ECTri1	39	478	279	9311272	1	0
122	Quad	EL1	ECTri1	515	40	264	9311334	1	0
123	Quad	EL1	ECTri1	242	481	77	9311402	1	0
124	Quad	EL1	ECTri1	40	515	283	9311338	1	0
125	Quad	EL1	ECTri1	526	41	270	9311406	1	0
126	Quad	EL1	ECTri1	265	518	79	1033	1	0
127	Quad	EL1	ECTri1	41	526	287	2004853468	1	0
128	Quad	EL1	ECTri1	271	529	81	2004853396	1	0
129	Quad	EL1	ECTri1	148	297	82	2004853304	1	0
130	Quad	EL1	ECTri1	147	294	82	2004853256	1	0
131	Quad	EL1	ECTri1	151	305	83	2004853188	1	0
132	Quad	EL1	ECTri1	42	146	293	2004853124	1	0
133	Quad	EL1	ECTri1	154	312	84	2147483648	1	0
134	Quad	EL1	ECTri1	42	150	304	0	1	0
135	Quad	EL1	ECTri1	156	317	85	2147483648	1	0
136	Quad	EL1	ECTri1	295	153	85	0	1	0
137	Quad	EL1	ECTri1	159	325	86	2147483648	1	0
138	Quad	EL1	ECTri1	158	322	86	0	1	0
139	Quad	EL1	ECTri1	162	329	87	2147483648	1	0
140	Quad	EL1	ECTri1	43	148	299	0	1	0
141	Quad	EL1	ECTri1	164	333	88	2147483648	1	0
142	Quad	EL1	ECTri1	323	161	88	0	1	0
143	Quad	EL1	ECTri1	167	45	307	2147483648	1	0
144	Quad	EL1	ECTri1	166	336	89	0	1	0
145	Quad	EL1	ECTri1	169	341	90	2147483648	1	0
146	Quad	EL1	ECTri1	45	167	338	0	1	0
147	Quad	EL1	ECTri1	171	344	91	2147483648	1	0
148	Quad	EL1	ECTri1	308	168	91	0	1	0
149	Quad	EL1	ECTri1	174	351	92	2147483648	1	0
150	Quad	EL1	ECTri1	46	156	319	0	1	0
151	Quad	EL1	ECTri1	177	357	93	2147483648	1	0
152	Quad	EL1	ECTri1	46	173	350	0	1	0
153	Quad	EL1	ECTri1	179	49	330	2147483648	1	0
154	Quad	EL1	ECTri1	320	176	94	0	1	0
155	Quad	EL1	ECTri1	181	48	352	2147483648	1	0
156	Quad	EL1	ECTri1	180	364	95	0	1	0
157	Quad	EL1	ECTri1	313	172	96	2147483648	1	0
158	Quad	EL1	ECTri1	47	154	314	0	1	0
159	Quad	EL1	ECTri1	184	373	97	2147483648	1	0
160	Quad	EL1	ECTri1	365	182	97	0	1	0
161	Quad	EL1	ECTri1	187	380	98	2147483648	1	0
162	Quad	EL1	ECTri1	48	181	368	0	1	0
163	Quad	EL1	ECTri1	189	384	99	2147483648	1	0
164	Quad	EL1	ECTri1	353	186	99	0	1	0
165	Quad	EL1	ECTri1	192	390	100	2147483648	1	0
166	Quad	EL1	ECTri1	49	179	363	0	1	0
167	Quad	EL1	ECTri1	194	394	101	2147483648	1	0
168	Quad	EL1	ECTri1	331	191	101	0	1	0
169	Quad	EL1	ECTri1	197	51	391	2147483648	1	0
170	Quad	EL1	ECTri1	196	398	102	0	1	0
171	Quad	EL1	ECTri1	358	190	103	2147483648	1	0
172	Quad	EL1	ECTri1	50	177	359	0	1	0
173	Quad	EL1	ECTri1	200	407	104	2147483648	1	0
174	Quad	EL1	ECTri1	399	198	104	9291984	1	0
175	Quad	EL1	ECTri1	203	414	105	0	1	0
176	Quad	EL1	ECTri1	51	197	402	134428600	1	0
177	Quad	EL1	ECTri1	205	418	106	2147483648	1	0
178	Quad	EL1	ECTri1	392	202	106	1	1	0
179	Quad	EL1	ECTri1	208	53	335	2	1	0
180	Quad	EL1	ECTri1	207	422	107	9295864	1	0
181	Quad	EL1	ECTri1	395	206	108	2147483648	1	0
182	Quad	EL1	ECTri1	52	194	396	1	1	0
183	Quad	EL1	ECTri1	211	429	109	5	1	0
184	Quad	EL1	ECTri1	423	209	109	9295928	1	0
185	Quad	EL1	ECTri1	214	433	110	2147483648	1	0
186	Quad	EL1	ECTri1	213	432	110	1	1	0
187	Quad	EL1	ECTri1	217	56	346	8	1	0
188	Quad	EL1	ECTri1	216	435	111	9296120	1	0
189	Quad	EL1	ECTri1	218	437	112	2147483648	1	0
190	Quad	EL1	ECTri1	371	217	112	1	1	0
191	Quad	EL1	ECTri1	221	58	375	11	1	0
192	Quad	EL1	ECTri1	220	439	113	9296056	1	0
193	Quad	EL1	ECTri1	223	444	114	2147483648	1	0
194	Quad	EL1	ECTri1	58	221	441	1	1	0
195	Quad	EL1	ECTri1	225	59	381	14	1	0
196	Quad	EL1	ECTri1	376	222	115	9296248	1	0
197	Quad	EL1	ECTri1	227	451	116	2147483648	1	0
198	Quad	EL1	ECTri1	59	225	448	1	1	0
199	Quad	EL1	ECTri1	229	455	117	17	1	0
200	Quad	EL1	ECTri1	382	226	117	9296440	1	0
201	Quad	EL1	ECTri1	232	61	452	2147483648	1	0
202	Quad	EL1	ECTri1	231	459	118	1	1	0
203	Quad	EL1	ECTri1	234	464	119	20	1	0
204	Quad	EL1	ECTri1	61	232	461	9296504	1	0
205	Quad	EL1	ECTri1	236	467	120	2147483648	1	0
206	Quad	EL1	ECTri1	453	233	120	1	1	0
207	Quad	EL1	ECTri1	239	63	386	23	1	0
208	Quad	EL1	ECTri1	238	471	121	9296312	1	0
209	Quad	EL1	ECTri1	456	237	122	2147483648	1	0
210	Quad	EL1	ECTri1	62	229	457	1	1	0
211	Quad	EL1	ECTri1	242	479	123	26	1	0
212	Quad	EL1	ECTri1	472	240	123	9296632	1	0
213	Quad	EL1	ECTri1	244	484	124	2147483648	1	0
214	Quad	EL1	ECTri1	405	239	124	1	1	0
215	Quad	EL1	ECTri1	247	488	125	0	1	0
216	Quad	EL1	ECTri1	64	211	431	0	1	0
217	Quad	EL1	ECTri1	250	66	489	0	1	0
218	Quad	EL1	ECTri1	249	490	126	0	1	0
219	Quad	EL1	ECTri1	251	492	127	0	1	0
220	Quad	EL1	ECTri1	65	205	420	0	1	0
221	Quad	EL1	ECTri1	254	68	493	0	1	0
222	Quad	EL1	ECTri1	253	494	128	0	1	0
223	Quad	EL1	ECTri1	19	201	411	0	1	0
224	Quad	EL1	ECTri1	67	203	415	0	1	0
225	Quad	EL1	ECTri1	257	501	130	0	1	0
226	Quad	EL1	ECTri1	495	255	130	0	1	0
227	Quad	EL1	ECTri1	408	245	131	0	1	0
228	Quad	EL1	ECTri1	69	200	409	0	1	0
229	Quad	EL1	ECTri1	261	508	132	0	1	0
230	Quad	EL1	ECTri1	499	259	132	0	1	0
231	Quad	EL1	ECTri1	23	243	483	0	1	0
232	Quad	EL1	ECTri1	70	244	485	0	1	0
233	Quad	EL1	ECTri1	265	516	134	0	1	0
234	Quad	EL1	ECTri1	506	263	134	0	1	0
235	Quad	EL1	ECTri1	268	72	503	0	1	0
236	Quad	EL1	ECTri1	267	520	135	0	1	0
237	Quad	EL1	ECTri1	509	266	136	0	1	0
238	Quad	EL1	ECTri1	71	261	510	0	1	0
239	Quad	EL1	ECTri1	271	527	137	0	1	0
240	Quad	EL1	ECTri1	521	269	137	0	1	0
241	Quad	EL1	ECTri1	274	531	138	0	1	0
242	Quad	EL1	ECTri1	273	530	138	0	1	0
243	Quad	EL1	ECTri1	277	75	469	0	1	0
244	Quad	EL1	ECTri1	276	533	139	0	1	0
245	Quad	EL1	ECTri1	278	535	140	0	1	0
246	Quad	EL1	ECTri1	477	277	140	0	1	0
247	Quad	EL1	ECTri1	281	77	481	0	1	0
248	Quad	EL1	ECTri1	280	537	141	0	1	0
249	Quad	EL1	ECTri1	282	539	142	0	1	0
250	Quad	EL1	ECTri1	514	281	142	0	1	0
251	Quad	EL1	ECTri1	285	79	518	0	1	0
252	Quad	EL1	ECTri1	284	541	143	0	1	0
253	Quad	EL1	ECTri1	286	543	144	0	1	0
254	Quad	EL1	ECTri1	525	285	144	0	1	0
255	Quad	EL1	ECTri1	289	81	529	0	1	0
256	Quad	EL1	ECTri1	288	545	145	0	1	0
257	Quad	EL1	ECTri1	292	83	146	0	1	0
258	Quad	EL1	ECTri1	291	26	146	0	1	0
259	Quad	EL1	ECTri1	295	85	147	0	1	0
260	Quad	EL1	ECTri1	82	290	147	0	1	0
261	Quad	EL1	ECTri1	298	87	148	0	1	0
262	Quad	EL1	ECTri1	82	294	148	0	1	0
263	Quad	EL1	ECTri1	300	86	149	0	1	0
264	Quad	EL1	ECTri1	82	297	149	0	1	0
265	Quad	EL1	ECTri1	303	84	150	0	1	0
266	Quad	EL1	ECTri1	302	10	150	0	1	0
267	Quad	EL1	ECTri1	306	89	151	0	1	0
268	Quad	EL1	ECTri1	83	292	151	0	1	0
269	Quad	EL1	ECTri1	308	91	152	0	1	0
270	Quad	EL1	ECTri1	83	305	152	0	1	0
271	Quad	EL1	ECTri1	311	85	153	0	1	0
272	Quad	EL1	ECTri1	310	27	153	0	1	0
273	Quad	EL1	ECTri1	313	96	154	0	1	0
274	Quad	EL1	ECTri1	84	303	154	0	1	0
275	Quad	EL1	ECTri1	315	95	155	0	1	0
276	Quad	EL1	ECTri1	84	312	155	0	1	0
277	Quad	EL1	ECTri1	318	92	156	0	1	0
278	Quad	EL1	ECTri1	85	311	156	0	1	0
279	Quad	EL1	ECTri1	320	94	157	0	1	0
280	Quad	EL1	ECTri1	85	317	157	0	1	0
281	Quad	EL1	ECTri1	323	88	158	0	1	0
282	Quad	EL1	ECTri1	86	300	158	0	1	0
283	Quad	EL1	ECTri1	86	322	159	0	1	0
284	Quad	EL1	ECTri1	326	89	160	0	1	0
285	Quad	EL1	ECTri1	86	325	160	0	1	0
286	Quad	EL1	ECTri1	328	88	161	0	1	0
287	Quad	EL1	ECTri1	327	29	161	0	1	0
288	Quad	EL1	ECTri1	14	321	162	0	1	0
289	Quad	EL1	ECTri1	87	298	162	0	1	0
290	Quad	EL1	ECTri1	331	101	163	0	1	0
291	Quad	EL1	ECTri1	87	329	163	0	1	0
292	Quad	EL1	ECTri1	334	107	164	0	1	0
293	Quad	EL1	ECTri1	88	328	164	0	1	0
294	Quad	EL1	ECTri1	88	333	165	0	1	0
295	Quad	EL1	ECTri1	89	326	166	0	1	0
296	Quad	EL1	ECTri1	337	90	167	0	1	0
297	Quad	EL1	ECTri1	89	336	167	0	1	0
298	Quad	EL1	ECTri1	340	91	168	0	1	0
299	Quad	EL1	ECTri1	339	30	168	0	1	0
300	Quad	EL1	ECTri1	90	337	169	0	1	0
301	Quad	EL1	ECTri1	342	110	170	0	1	0
302	Quad	EL1	ECTri1	90	341	170	0	1	0
303	Quad	EL1	ECTri1	345	111	171	0	1	0
304	Quad	EL1	ECTri1	91	340	171	0	1	0
305	Quad	EL1	ECTri1	347	96	172	0	1	0
306	Quad	EL1	ECTri1	91	344	172	0	1	0
307	Quad	EL1	ECTri1	349	93	173	0	1	0
308	Quad	EL1	ECTri1	348	5	173	0	1	0
309	Quad	EL1	ECTri1	27	316	174	0	1	0
310	Quad	EL1	ECTri1	92	318	174	0	1	0
311	Quad	EL1	ECTri1	353	99	175	0	1	0
312	Quad	EL1	ECTri1	92	351	175	0	1	0
313	Quad	EL1	ECTri1	356	94	176	0	1	0
314	Quad	EL1	ECTri1	355	28	176	0	1	0
315	Quad	EL1	ECTri1	358	103	177	0	1	0
316	Quad	EL1	ECTri1	93	349	177	0	1	0
317	Quad	EL1	ECTri1	360	102	178	0	1	0
318	Quad	EL1	ECTri1	93	357	178	0	1	0
319	Quad	EL1	ECTri1	362	100	179	0	1	0
320	Quad	EL1	ECTri1	94	356	179	0	1	0
321	Quad	EL1	ECTri1	365	97	180	0	1	0
322	Quad	EL1	ECTri1	95	315	180	0	1	0
323	Quad	EL1	ECTri1	367	98	181	0	1	0
324	Quad	EL1	ECTri1	95	364	181	0	1	0
325	Quad	EL1	ECTri1	370	97	182	0	1	0
326	Quad	EL1	ECTri1	369	31	182	0	1	0
327	Quad	EL1	ECTri1	371	112	183	0	1	0
328	Quad	EL1	ECTri1	96	347	183	0	1	0
329	Quad	EL1	ECTri1	374	113	184	0	1	0
330	Quad	EL1	ECTri1	97	370	184	0	1	0
331	Quad	EL1	ECTri1	376	115	185	0	1	0
332	Quad	EL1	ECTri1	97	373	185	0	1	0
333	Quad	EL1	ECTri1	379	99	186	0	1	0
334	Quad	EL1	ECTri1	378	33	186	0	1	0
335	Quad	EL1	ECTri1	17	377	187	0	1	0
336	Quad	EL1	ECTri1	98	367	187	0	1	0
337	Quad	EL1	ECTri1	382	117	188	0	1	0
338	Quad	EL1	ECTri1	98	380	188	0	1	0
339	Quad	EL1	ECTri1	385	121	189	0	1	0
340	Quad	EL1	ECTri1	99	379	189	0	1	0
341	Quad	EL1	ECTri1	387	103	190	0	1	0
342	Quad	EL1	ECTri1	99	384	190	0	1	0
343	Quad	EL1	ECTri1	389	101	191	0	1	0
344	Quad	EL1	ECTri1	388	11	191	0	1	0
345	Quad	EL1	ECTri1	28	361	192	0	1	0
346	Quad	EL1	ECTri1	100	362	192	0	1	0
347	Quad	EL1	ECTri1	392	106	193	0	1	0
348	Quad	EL1	ECTri1	100	390	193	0	1	0
349	Quad	EL1	ECTri1	395	108	194	0	1	0
350	Quad	EL1	ECTri1	101	389	194	0	1	0
351	Quad	EL1	ECTri1	397	107	195	0	1	0
352	Quad	EL1	ECTri1	101	394	195	0	1	0
353	Quad	EL1	ECTri1	399	104	196	0	1	0
354	Quad	EL1	ECTri1	102	360	196	0	1	0
355	Quad	EL1	ECTri1	401	105	197	0	1	0
356	Quad	EL1	ECTri1	102	398	197	0	1	0
357	Quad	EL1	ECTri1	404	104	198	0	1	0
358	Quad	EL1	ECTri1	403	36	198	0	1	0
359	Quad	EL1	ECTri1	405	124	199	0	1	0
360	Quad	EL1	ECTri1	103	387	199	0	1	0
361	Quad	EL1	ECTri1	408	131	200	0	1	0
362	Quad	EL1	ECTri1	104	404	200	0	1	0
363	Quad	EL1	ECTri1	410	129	201	0	1	0
364	Quad	EL1	ECTri1	104	407	201	0	1	0
365	Quad	EL1	ECTri1	413	106	202	0	1	0
366	Quad	EL1	ECTri1	412	35	202	0	1	0
367	Quad	EL1	ECTri1	19	411	203	0	1	0
368	Quad	EL1	ECTri1	105	401	203	0	1	0
369	Quad	EL1	ECTri1	416	128	204	0	1	0
370	Quad	EL1	ECTri1	105	414	204	0	1	0
371	Quad	EL1	ECTri1	419	127	205	0	1	0
372	Quad	EL1	ECTri1	106	413	205	0	1	0
373	Quad	EL1	ECTri1	421	108	206	0	1	0
374	Quad	EL1	ECTri1	106	418	206	0	1	0
375	Quad	EL1	ECTri1	423	109	207	0	1	0
376	Quad	EL1	ECTri1	107	397	207	0	1	0
377	Quad	EL1	ECTri1	107	422	208	0	1	0
378	Quad	EL1	ECTri1	426	109	209	0	1	0
379	Quad	EL1	ECTri1	425	34	209	0	1	0
380	Quad	EL1	ECTri1	427	126	210	0	1	0
381	Quad	EL1	ECTri1	108	421	210	0	1	0
382	Quad	EL1	ECTri1	430	125	211	0	1	0
383	Quad	EL1	ECTri1	109	426	211	0	1	0
384	Quad	EL1	ECTri1	109	429	212	0	1	0
385	Quad	EL1	ECTri1	110	342	213	0	1	0
386	Quad	EL1	ECTri1	110	432	214	0	1	0
387	Quad	EL1	ECTri1	434	111	215	0	1	0
388	Quad	EL1	ECTri1	110	433	215	0	1	0
389	Quad	EL1	ECTri1	111	434	216	0	1	0
390	Quad	EL1	ECTri1	436	112	217	0	1	0
391	Quad	EL1	ECTri1	111	435	217	0	1	0
392	Quad	EL1	ECTri1	112	436	218	0	1	0
393	Quad	EL1	ECTri1	438	113	219	0	1	0
394	Quad	EL1	ECTri1	112	437	219	0	1	0
395	Quad	EL1	ECTri1	113	438	220	0	1	0
396	Quad	EL1	ECTri1	440	114	221	0	1	0
397	Quad	EL1	ECTri1	113	439	221	0	1	0
398	Quad	EL1	ECTri1	443	115	222	0	1	0
399	Quad	EL1	ECTri1	442	32	222	0	1	0
400	Quad	EL1	ECTri1	114	440	223	0	1	0
401	Quad	EL1	ECTri1	445	118	224	0	1	0
402	Quad	EL1	ECTri1	114	444	224	0	1	0
403	Quad	EL1	ECTri1	447	116	225	0	1	0
404	Quad	EL1	ECTri1	115	443	225	0	1	0
405	Quad	EL1	ECTri1	450	117	226	0	1	0
406	Quad	EL1	ECTri1	449	12	226	0	1	0
407	Quad	EL1	ECTri1	32	446	227	0	1	0
408	Quad	EL1	ECTri1	116	447	227	0	1	0
409	Quad	EL1	ECTri1	453	120	228	0	1	0
410	Quad	EL1	ECTri1	116	451	228	0	1	0
411	Quad	EL1	ECTri1	456	122	229	0	1	0
412	Quad	EL1	ECTri1	117	450	229	0	1	0
413	Quad	EL1	ECTri1	458	121	230	0	1	0
414	Quad	EL1	ECTri1	117	455	230	0	1	0
415	Quad	EL1	ECTri1	118	445	231	0	1	0
416	Quad	EL1	ECTri1	460	119	232	0	1	0
417	Quad	EL1	ECTri1	118	459	232	0	1	0
418	Quad	EL1	ECTri1	463	120	233	0	1	0
419	Quad	EL1	ECTri1	462	38	233	0	1	0
420	Quad	EL1	ECTri1	119	460	234	0	1	0
421	Quad	EL1	ECTri1	465	138	235	0	1	0
422	Quad	EL1	ECTri1	119	464	235	0	1	0
423	Quad	EL1	ECTri1	468	139	236	0	1	0
424	Quad	EL1	ECTri1	120	463	236	0	1	0
425	Quad	EL1	ECTri1	470	122	237	0	1	0
426	Quad	EL1	ECTri1	120	467	237	0	1	0
427	Quad	EL1	ECTri1	472	123	238	0	1	0
428	Quad	EL1	ECTri1	121	458	238	0	1	0
429	Quad	EL1	ECTri1	474	124	239	0	1	0
430	Quad	EL1	ECTri1	121	471	239	0	1	0
431	Quad	EL1	ECTri1	476	123	240	0	1	0
432	Quad	EL1	ECTri1	475	39	240	0	1	0
433	Quad	EL1	ECTri1	477	140	241	0	1	0
434	Quad	EL1	ECTri1	122	470	241	0	1	0
435	Quad	EL1	ECTri1	480	141	242	0	1	0
436	Quad	EL1	ECTri1	123	476	242	0	1	0
437	Quad	EL1	ECTri1	482	133	243	0	1	0
438	Quad	EL1	ECTri1	123	479	243	0	1	0
439	Quad	EL1	ECTri1	23	483	244	0	1	0
440	Quad	EL1	ECTri1	124	474	244	0	1	0
441	Quad	EL1	ECTri1	486	131	245	0	1	0
442	Quad	EL1	ECTri1	124	484	245	0	1	0
443	Quad	EL1	ECTri1	487	1	246	0	1	0
444	Quad	EL1	ECTri1	34	428	247	0	1	0
445	Quad	EL1	ECTri1	125	430	247	0	1	0
446	Quad	EL1	ECTri1	125	488	248	0	1	0
447	Quad	EL1	ECTri1	65	420	249	0	1	0
448	Quad	EL1	ECTri1	126	427	249	0	1	0
449	Quad	EL1	ECTri1	126	490	250	0	1	0
450	Quad	EL1	ECTri1	35	417	251	0	1	0
451	Quad	EL1	ECTri1	127	419	251	0	1	0
452	Quad	EL1	ECTri1	127	492	252	0	1	0
453	Quad	EL1	ECTri1	495	130	253	0	1	0
454	Quad	EL1	ECTri1	128	416	253	0	1	0
455	Quad	EL1	ECTri1	128	494	254	0	1	0
456	Quad	EL1	ECTri1	498	130	255	0	1	0
457	Quad	EL1	ECTri1	497	37	255	0	1	0
458	Quad	EL1	ECTri1	499	132	256	0	1	0
459	Quad	EL1	ECTri1	129	410	256	0	1	0
460	Quad	EL1	ECTri1	502	135	257	0	1	0
461	Quad	EL1	ECTri1	130	498	257	0	1	0
462	Quad	EL1	ECTri1	130	501	258	0	1	0
463	Quad	EL1	ECTri1	505	132	259	0	1	0
464	Quad	EL1	ECTri1	504	13	259	0	1	0
465	Quad	EL1	ECTri1	506	134	260	0	1	0
466	Quad	EL1	ECTri1	131	486	260	0	1	0
467	Quad	EL1	ECTri1	509	136	261	0	1	0
468	Quad	EL1	ECTri1	132	505	261	0	1	0
469	Quad	EL1	ECTri1	511	135	262	0	1	0
470	Quad	EL1	ECTri1	132	508	262	0	1	0
471	Quad	EL1	ECTri1	513	134	263	0	1	0
472	Quad	EL1	ECTri1	512	40	263	0	1	0
473	Quad	EL1	ECTri1	514	142	264	0	1	0
474	Quad	EL1	ECTri1	133	482	264	0	1	0
475	Quad	EL1	ECTri1	517	143	265	0	1	0
476	Quad	EL1	ECTri1	134	513	265	0	1	0
477	Quad	EL1	ECTri1	519	136	266	0	1	0
478	Quad	EL1	ECTri1	134	516	266	0	1	0
479	Quad	EL1	ECTri1	521	137	267	0	1	0
480	Quad	EL1	ECTri1	135	511	267	0	1	0
481	Quad	EL1	ECTri1	135	520	268	0	1	0
482	Quad	EL1	ECTri1	524	137	269	0	1	0
483	Quad	EL1	ECTri1	523	41	269	0	1	0
484	Quad	EL1	ECTri1	525	144	270	0	1	0
485	Quad	EL1	ECTri1	136	519	270	0	1	0
486	Quad	EL1	ECTri1	528	145	271	0	1	0
487	Quad	EL1	ECTri1	137	524	271	0	1	0
488	Quad	EL1	ECTri1	137	527	272	0	1	0
489	Quad	EL1	ECTri1	138	465	273	0	1	0
490	Quad	EL1	ECTri1	138	530	274	0	1	0
491	Quad	EL1	ECTri1	532	139	275	0	1	0
492	Quad	EL1	ECTri1	138	531	275	0	1	0
493	Quad	EL1	ECTri1	139	532	276	0	1	0
494	Quad	EL1	ECTri1	534	140	277	0	1	0
495	Quad	EL1	ECTri1	139	533	277	0	1	0
496	Quad	EL1	ECTri1	140	534	278	0	1	0
497	Quad	EL1	ECTri1	536	141	279	0	1	0
498	Quad	EL1	ECTri1	140	535	279	0	1	0
499	Quad	EL1	ECTri1	141	536	280	0	1	0
500	Quad	EL1	ECTri1	538	142	281	0	1	0
501	Quad	EL1	ECTri1	141	537	281	0	1	0
502	Quad	EL1	ECTri1	142	538	282	0	1	0
503	Quad	EL1	ECTri1	540	143	283	735079	1	0
504	Quad	EL1	ECTri1	142	539	283	364544	1	0
505	Quad	EL1	ECTri1	143	540	284	0	1	0
506	Quad	EL1	ECTri1	542	144	285	0	1	0
507	Quad	EL1	ECTri1	143	541	285	0	1	0
508	Quad	EL1	ECTri1	144	542	286	0	1	0
509	Quad	EL1	ECTri1	544	145	287	0	1	0
510	Quad	EL1	ECTri1	144	543	287	0	1	0
511	Quad	EL1	ECTri1	145	544	288	0	1	0
512	Quad	EL1	ECTri1	145	545	289	0	1	0
513	Quad	EL1	ECTri1	42	147	290	0	1	0
514	Quad	EL1	ECTri1	146	42	290	0	1	0
515	Quad	EL1	ECTri1	82	149	291	0	1	0
516	Quad	EL1	ECTri1	146	82	291	0	1	0
517	Quad	EL1	ECTri1	26	151	292	0	1	0
518	Quad	EL1	ECTri1	146	26	292	0	1	0
519	Quad	EL1	ECTri1	83	150	293	0	1	0
520	Quad	EL1	ECTri1	146	83	293	0	1	0
521	Quad	EL1	ECTri1	14	148	294	0	1	0
522	Quad	EL1	ECTri1	147	14	294	0	1	0
523	Quad	EL1	ECTri1	42	153	295	0	1	0
524	Quad	EL1	ECTri1	147	42	295	0	1	0
525	Quad	EL1	ECTri1	85	157	296	0	1	0
526	Quad	EL1	ECTri1	147	85	296	0	1	0
527	Quad	EL1	ECTri1	43	149	297	0	1	0
528	Quad	EL1	ECTri1	148	43	297	0	1	0
529	Quad	EL1	ECTri1	14	162	298	0	1	0
530	Quad	EL1	ECTri1	148	14	298	0	1	0
531	Quad	EL1	ECTri1	87	161	299	0	1	0
532	Quad	EL1	ECTri1	148	87	299	0	1	0
533	Quad	EL1	ECTri1	43	158	300	0	1	0
534	Quad	EL1	ECTri1	149	43	300	0	1	0
535	Quad	EL1	ECTri1	86	160	301	0	1	0
536	Quad	EL1	ECTri1	149	86	301	0	1	0
537	Quad	EL1	ECTri1	83	152	302	0	1	0
538	Quad	EL1	ECTri1	150	83	302	0	1	0
539	Quad	EL1	ECTri1	10	154	303	0	1	0
540	Quad	EL1	ECTri1	150	10	303	0	1	0
541	Quad	EL1	ECTri1	84	153	304	0	1	0
542	Quad	EL1	ECTri1	150	84	304	0	1	0
543	Quad	EL1	ECTri1	45	152	305	0	1	0
544	Quad	EL1	ECTri1	151	45	305	0	1	0
545	Quad	EL1	ECTri1	26	160	306	0	1	0
546	Quad	EL1	ECTri1	151	26	306	0	1	0
547	Quad	EL1	ECTri1	89	167	307	0	1	0
548	Quad	EL1	ECTri1	151	89	307	0	1	0
549	Quad	EL1	ECTri1	45	168	308	0	1	0
550	Quad	EL1	ECTri1	152	45	308	0	1	0
551	Quad	EL1	ECTri1	91	172	309	0	1	0
552	Quad	EL1	ECTri1	152	91	309	0	1	0
553	Quad	EL1	ECTri1	84	155	310	0	1	0
554	Quad	EL1	ECTri1	153	84	310	0	1	0
555	Quad	EL1	ECTri1	27	156	311	0	1	0
556	Quad	EL1	ECTri1	153	27	311	0	1	0
557	Quad	EL1	ECTri1	47	155	312	0	1	0
558	Quad	EL1	ECTri1	154	47	312	0	1	0
559	Quad	EL1	ECTri1	10	172	313	0	1	0
560	Quad	EL1	ECTri1	154	10	313	0	1	0
561	Quad	EL1	ECTri1	96	182	314	0	1	0
562	Quad	EL1	ECTri1	154	96	314	0	1	0
563	Quad	EL1	ECTri1	47	180	315	0	1	0
564	Quad	EL1	ECTri1	155	47	315	0	1	0
565	Quad	EL1	ECTri1	95	174	316	0	1	0
566	Quad	EL1	ECTri1	155	95	316	0	1	0
567	Quad	EL1	ECTri1	46	157	317	0	1	0
568	Quad	EL1	ECTri1	156	46	317	0	1	0
569	Quad	EL1	ECTri1	27	174	318	0	1	0
570	Quad	EL1	ECTri1	156	27	318	0	1	0
571	Quad	EL1	ECTri1	92	173	319	0	1	0
572	Quad	EL1	ECTri1	156	92	319	0	1	0
573	Quad	EL1	ECTri1	46	176	320	0	1	0
574	Quad	EL1	ECTri1	157	46	320	0	1	0
575	Quad	EL1	ECTri1	94	162	321	0	1	0
576	Quad	EL1	ECTri1	157	94	321	0	1	0
577	Quad	EL1	ECTri1	6	159	322	0	1	0
578	Quad	EL1	ECTri1	158	6	322	0	1	0
579	Quad	EL1	ECTri1	43	161	323	0	1	0
580	Quad	EL1	ECTri1	158	43	323	0	1	0
581	Quad	EL1	ECTri1	88	165	324	0	1	0
582	Quad	EL1	ECTri1	158	88	324	0	1	0
583	Quad	EL1	ECTri1	44	160	325	0	1	0
584	Quad	EL1	ECTri1	159	44	325	0	1	0
585	Quad	EL1	ECTri1	44	166	326	0	1	0
586	Quad	EL1	ECTri1	160	44	326	0	1	0
587	Quad	EL1	ECTri1	87	163	327	0	1	0
588	Quad	EL1	ECTri1	161	87	327	0	1	0
589	Quad	EL1	ECTri1	29	164	328	0	1	0
590	Quad	EL1	ECTri1	161	29	328	0	1	0
591	Quad	EL1	ECTri1	49	163	329	0	1	0
592	Quad	EL1	ECTri1	162	49	329	0	1	0
593	Quad	EL1	ECTri1	94	179	330	0	1	0
594	Quad	EL1	ECTri1	162	94	330	0	1	0
595	Quad	EL1	ECTri1	49	191	331	0	1	0
596	Quad	EL1	ECTri1	163	49	331	0	1	0
597	Quad	EL1	ECTri1	101	195	332	0	1	0
598	Quad	EL1	ECTri1	163	101	332	0	1	0
599	Quad	EL1	ECTri1	53	165	333	0	1	0
600	Quad	EL1	ECTri1	164	53	333	0	1	0
601	Quad	EL1	ECTri1	29	195	334	0	1	0
602	Quad	EL1	ECTri1	164	29	334	0	1	0
603	Quad	EL1	ECTri1	107	208	335	0	1	0
604	Quad	EL1	ECTri1	164	107	335	0	1	0
605	Quad	EL1	ECTri1	15	167	336	0	1	0
606	Quad	EL1	ECTri1	166	15	336	0	1	0
607	Quad	EL1	ECTri1	15	169	337	0	1	0
608	Quad	EL1	ECTri1	167	15	337	0	1	0
609	Quad	EL1	ECTri1	90	168	338	0	1	0
610	Quad	EL1	ECTri1	167	90	338	0	1	0
611	Quad	EL1	ECTri1	90	170	339	0	1	0
612	Quad	EL1	ECTri1	168	90	339	0	1	0
613	Quad	EL1	ECTri1	30	171	340	0	1	0
614	Quad	EL1	ECTri1	168	30	340	0	1	0
615	Quad	EL1	ECTri1	54	170	341	0	1	0
616	Quad	EL1	ECTri1	169	54	341	0	1	0
617	Quad	EL1	ECTri1	54	213	342	0	1	0
618	Quad	EL1	ECTri1	170	54	342	0	1	0
619	Quad	EL1	ECTri1	110	215	343	0	1	0
620	Quad	EL1	ECTri1	170	110	343	0	1	0
621	Quad	EL1	ECTri1	56	172	344	0	1	0
622	Quad	EL1	ECTri1	171	56	344	0	1	0
623	Quad	EL1	ECTri1	30	215	345	0	1	0
624	Quad	EL1	ECTri1	171	30	345	0	1	0
625	Quad	EL1	ECTri1	111	217	346	0	1	0
626	Quad	EL1	ECTri1	171	111	346	0	1	0
627	Quad	EL1	ECTri1	56	183	347	0	1	0
628	Quad	EL1	ECTri1	172	56	347	0	1	0
629	Quad	EL1	ECTri1	92	175	348	0	1	0
630	Quad	EL1	ECTri1	173	92	348	0	1	0
631	Quad	EL1	ECTri1	5	177	349	0	1	0
632	Quad	EL1	ECTri1	173	5	349	0	1	0
633	Quad	EL1	ECTri1	93	176	350	0	1	0
634	Quad	EL1	ECTri1	173	93	350	0	1	0
635	Quad	EL1	ECTri1	48	175	351	0	1	0
636	Quad	EL1	ECTri1	174	48	351	0	1	0
637	Quad	EL1	ECTri1	95	181	352	0	1	0
638	Quad	EL1	ECTri1	174	95	352	0	1	0
639	Quad	EL1	ECTri1	48	186	353	0	1	0
640	Quad	EL1	ECTri1	175	48	353	0	1	0
641	Quad	EL1	ECTri1	99	190	354	0	1	0
642	Quad	EL1	ECTri1	175	99	354	0	1	0
643	Quad	EL1	ECTri1	93	178	355	0	1	0
644	Quad	EL1	ECTri1	176	93	355	0	1	0
645	Quad	EL1	ECTri1	28	179	356	0	1	0
646	Quad	EL1	ECTri1	176	28	356	0	1	0
647	Quad	EL1	ECTri1	50	178	357	0	1	0
648	Quad	EL1	ECTri1	177	50	357	0	1	0
649	Quad	EL1	ECTri1	5	190	358	0	1	0
650	Quad	EL1	ECTri1	177	5	358	0	1	0
651	Quad	EL1	ECTri1	103	198	359	0	1	0
652	Quad	EL1	ECTri1	177	103	359	0	1	0
653	Quad	EL1	ECTri1	50	196	360	0	1	0
654	Quad	EL1	ECTri1	178	50	360	0	1	0
655	Quad	EL1	ECTri1	102	192	361	0	1	0
656	Quad	EL1	ECTri1	178	102	361	0	1	0
657	Quad	EL1	ECTri1	28	192	362	0	1	0
658	Quad	EL1	ECTri1	179	28	362	0	1	0
659	Quad	EL1	ECTri1	100	191	363	0	1	0
660	Quad	EL1	ECTri1	179	100	363	0	1	0
661	Quad	EL1	ECTri1	17	181	364	0	1	0
662	Quad	EL1	ECTri1	180	17	364	0	1	0
663	Quad	EL1	ECTri1	47	182	365	0	1	0
664	Quad	EL1	ECTri1	180	47	365	0	1	0
665	Quad	EL1	ECTri1	97	185	366	0	1	0
666	Quad	EL1	ECTri1	180	97	366	0	1	0
667	Quad	EL1	ECTri1	17	187	367	800615	1	0
668	Quad	EL1	ECTri1	181	17	367	286720	1	0
669	Quad	EL1	ECTri1	98	186	368	0	1	0
670	Quad	EL1	ECTri1	181	98	368	0	1	0
671	Quad	EL1	ECTri1	96	183	369	0	1	0
672	Quad	EL1	ECTri1	182	96	369	0	1	0
673	Quad	EL1	ECTri1	31	184	370	0	1	0
674	Quad	EL1	ECTri1	182	31	370	0	1	0
675	Quad	EL1	ECTri1	56	217	371	0	1	0
676	Quad	EL1	ECTri1	183	56	371	0	1	0
677	Quad	EL1	ECTri1	112	219	372	0	1	0
678	Quad	EL1	ECTri1	183	112	372	0	1	0
679	Quad	EL1	ECTri1	58	185	373	0	1	0
680	Quad	EL1	ECTri1	184	58	373	0	1	0
681	Quad	EL1	ECTri1	31	219	374	0	1	0
682	Quad	EL1	ECTri1	184	31	374	0	1	0
683	Quad	EL1	ECTri1	113	221	375	0	1	0
684	Quad	EL1	ECTri1	184	113	375	0	1	0
685	Quad	EL1	ECTri1	58	222	376	0	1	0
686	Quad	EL1	ECTri1	185	58	376	0	1	0
687	Quad	EL1	ECTri1	115	187	377	0	1	0
688	Quad	EL1	ECTri1	185	115	377	0	1	0
689	Quad	EL1	ECTri1	98	188	378	0	1	0
690	Quad	EL1	ECTri1	186	98	378	0	1	0
691	Quad	EL1	ECTri1	33	189	379	0	1	0
692	Quad	EL1	ECTri1	186	33	379	0	1	0
693	Quad	EL1	ECTri1	59	188	380	0	1	0
694	Quad	EL1	ECTri1	187	59	380	0	1	0
695	Quad	EL1	ECTri1	115	225	381	0	1	0
696	Quad	EL1	ECTri1	187	115	381	0	1	0
697	Quad	EL1	ECTri1	59	226	382	0	1	0
698	Quad	EL1	ECTri1	188	59	382	0	1	0
699	Quad	EL1	ECTri1	117	230	383	0	1	0
700	Quad	EL1	ECTri1	188	117	383	0	1	0
701	Quad	EL1	ECTri1	63	190	384	0	1	0
702	Quad	EL1	ECTri1	189	63	384	0	1	0
703	Quad	EL1	ECTri1	33	230	385	0	1	0
704	Quad	EL1	ECTri1	189	33	385	0	1	0
705	Quad	EL1	ECTri1	121	239	386	0	1	0
706	Quad	EL1	ECTri1	189	121	386	0	1	0
707	Quad	EL1	ECTri1	63	199	387	0	1	0
708	Quad	EL1	ECTri1	190	63	387	0	1	0
709	Quad	EL1	ECTri1	100	193	388	0	1	0
710	Quad	EL1	ECTri1	191	100	388	0	1	0
711	Quad	EL1	ECTri1	11	194	389	0	1	0
712	Quad	EL1	ECTri1	191	11	389	0	1	0
713	Quad	EL1	ECTri1	51	193	390	0	1	0
714	Quad	EL1	ECTri1	192	51	390	0	1	0
715	Quad	EL1	ECTri1	102	197	391	0	1	0
716	Quad	EL1	ECTri1	192	102	391	0	1	0
717	Quad	EL1	ECTri1	51	202	392	0	1	0
718	Quad	EL1	ECTri1	193	51	392	0	1	0
719	Quad	EL1	ECTri1	106	206	393	0	1	0
720	Quad	EL1	ECTri1	193	106	393	0	1	0
721	Quad	EL1	ECTri1	52	195	394	0	1	0
722	Quad	EL1	ECTri1	194	52	394	0	1	0
723	Quad	EL1	ECTri1	11	206	395	0	1	0
724	Quad	EL1	ECTri1	194	11	395	0	1	0
725	Quad	EL1	ECTri1	108	209	396	0	1	0
726	Quad	EL1	ECTri1	194	108	396	0	1	0
727	Quad	EL1	ECTri1	52	207	397	0	1	0
728	Quad	EL1	ECTri1	195	52	397	0	1	0
729	Quad	EL1	ECTri1	19	197	398	0	1	0
730	Quad	EL1	ECTri1	196	19	398	0	1	0
731	Quad	EL1	ECTri1	50	198	399	0	1	0
732	Quad	EL1	ECTri1	196	50	399	0	1	0
733	Quad	EL1	ECTri1	104	201	400	0	1	0
734	Quad	EL1	ECTri1	196	104	400	0	1	0
735	Quad	EL1	ECTri1	19	203	401	0	1	0
736	Quad	EL1	ECTri1	197	19	401	0	1	0
737	Quad	EL1	ECTri1	105	202	402	0	1	0
738	Quad	EL1	ECTri1	197	105	402	0	1	0
739	Quad	EL1	ECTri1	103	199	403	0	1	0
740	Quad	EL1	ECTri1	198	103	403	0	1	0
741	Quad	EL1	ECTri1	36	200	404	0	1	0
742	Quad	EL1	ECTri1	198	36	404	0	1	0
743	Quad	EL1	ECTri1	63	239	405	0	1	0
744	Quad	EL1	ECTri1	199	63	405	0	1	0
745	Quad	EL1	ECTri1	124	245	406	0	1	0
746	Quad	EL1	ECTri1	199	124	406	0	1	0
747	Quad	EL1	ECTri1	69	201	407	0	1	0
748	Quad	EL1	ECTri1	200	69	407	0	1	0
749	Quad	EL1	ECTri1	36	245	408	0	1	0
750	Quad	EL1	ECTri1	200	36	408	0	1	0
751	Quad	EL1	ECTri1	131	259	409	0	1	0
752	Quad	EL1	ECTri1	200	131	409	0	1	0
753	Quad	EL1	ECTri1	69	256	410	0	1	0
754	Quad	EL1	ECTri1	201	69	410	0	1	0
755	Quad	EL1	ECTri1	129	203	411	0	1	0
756	Quad	EL1	ECTri1	201	129	411	0	1	0
757	Quad	EL1	ECTri1	105	204	412	0	1	0
758	Quad	EL1	ECTri1	202	105	412	0	1	0
759	Quad	EL1	ECTri1	35	205	413	0	1	0
760	Quad	EL1	ECTri1	202	35	413	0	1	0
761	Quad	EL1	ECTri1	67	204	414	0	1	0
762	Quad	EL1	ECTri1	203	67	414	0	1	0
763	Quad	EL1	ECTri1	129	255	415	0	1	0
764	Quad	EL1	ECTri1	203	129	415	0	1	0
765	Quad	EL1	ECTri1	67	253	416	0	1	0
766	Quad	EL1	ECTri1	204	67	416	0	1	0
767	Quad	EL1	ECTri1	128	251	417	0	1	0
768	Quad	EL1	ECTri1	204	128	417	0	1	0
769	Quad	EL1	ECTri1	65	206	418	0	1	0
770	Quad	EL1	ECTri1	205	65	418	0	1	0
771	Quad	EL1	ECTri1	35	251	419	0	1	0
772	Quad	EL1	ECTri1	205	35	419	0	1	0
773	Quad	EL1	ECTri1	127	249	420	0	1	0
774	Quad	EL1	ECTri1	205	127	420	0	1	0
775	Quad	EL1	ECTri1	65	210	421	0	1	0
776	Quad	EL1	ECTri1	206	65	421	0	1	0
777	Quad	EL1	ECTri1	18	208	422	0	1	0
778	Quad	EL1	ECTri1	207	18	422	0	1	0
779	Quad	EL1	ECTri1	52	209	423	0	1	0
780	Quad	EL1	ECTri1	207	52	423	0	1	0
781	Quad	EL1	ECTri1	109	212	424	0	1	0
782	Quad	EL1	ECTri1	207	109	424	0	1	0
783	Quad	EL1	ECTri1	108	210	425	0	1	0
784	Quad	EL1	ECTri1	209	108	425	0	1	0
785	Quad	EL1	ECTri1	34	211	426	0	1	0
786	Quad	EL1	ECTri1	209	34	426	0	1	0
787	Quad	EL1	ECTri1	65	249	427	0	1	0
788	Quad	EL1	ECTri1	210	65	427	0	1	0
789	Quad	EL1	ECTri1	126	247	428	0	1	0
790	Quad	EL1	ECTri1	210	126	428	0	1	0
791	Quad	EL1	ECTri1	64	212	429	0	1	0
792	Quad	EL1	ECTri1	211	64	429	0	1	0
793	Quad	EL1	ECTri1	34	247	430	0	1	0
794	Quad	EL1	ECTri1	211	34	430	0	1	0
795	Quad	EL1	ECTri1	125	246	431	0	1	0
796	Quad	EL1	ECTri1	211	125	431	0	1	0
797	Quad	EL1	ECTri1	4	214	432	0	1	0
798	Quad	EL1	ECTri1	213	4	432	0	1	0
799	Quad	EL1	ECTri1	55	215	433	0	1	0
800	Quad	EL1	ECTri1	214	55	433	0	1	0
801	Quad	EL1	ECTri1	55	216	434	0	1	0
802	Quad	EL1	ECTri1	215	55	434	0	1	0
803	Quad	EL1	ECTri1	16	217	435	0	1	0
804	Quad	EL1	ECTri1	216	16	435	0	1	0
805	Quad	EL1	ECTri1	16	218	436	0	1	0
806	Quad	EL1	ECTri1	217	16	436	0	1	0
807	Quad	EL1	ECTri1	57	219	437	0	1	0
808	Quad	EL1	ECTri1	218	57	437	0	1	0
809	Quad	EL1	ECTri1	57	220	438	0	1	0
810	Quad	EL1	ECTri1	219	57	438	0	1	0
811	Quad	EL1	ECTri1	7	221	439	0	1	0
812	Quad	EL1	ECTri1	220	7	439	0	1	0
813	Quad	EL1	ECTri1	7	223	440	0	1	0
814	Quad	EL1	ECTri1	221	7	440	0	1	0
815	Quad	EL1	ECTri1	114	222	441	0	1	0
816	Quad	EL1	ECTri1	221	114	441	0	1	0
817	Quad	EL1	ECTri1	114	224	442	0	1	0
818	Quad	EL1	ECTri1	222	114	442	0	1	0
819	Quad	EL1	ECTri1	32	225	443	0	1	0
820	Quad	EL1	ECTri1	222	32	443	0	1	0
821	Quad	EL1	ECTri1	60	224	444	0	1	0
822	Quad	EL1	ECTri1	223	60	444	0	1	0
823	Quad	EL1	ECTri1	60	231	445	0	1	0
824	Quad	EL1	ECTri1	224	60	445	0	1	0
825	Quad	EL1	ECTri1	118	227	446	0	1	0
826	Quad	EL1	ECTri1	224	118	446	0	1	0
827	Quad	EL1	ECTri1	32	227	447	0	1	0
828	Quad	EL1	ECTri1	225	32	447	0	1	0
829	Quad	EL1	ECTri1	116	226	448	0	1	0
830	Quad	EL1	ECTri1	225	116	448	0	1	0
831	Quad	EL1	ECTri1	116	228	449	0	1	0
832	Quad	EL1	ECTri1	226	116	449	0	1	0
833	Quad	EL1	ECTri1	12	229	450	0	1	0
834	Quad	EL1	ECTri1	226	12	450	0	1	0
835	Quad	EL1	ECTri1	61	228	451	0	1	0
836	Quad	EL1	ECTri1	227	61	451	0	1	0
837	Quad	EL1	ECTri1	118	232	452	0	1	0
838	Quad	EL1	ECTri1	227	118	452	0	1	0
839	Quad	EL1	ECTri1	61	233	453	0	1	0
840	Quad	EL1	ECTri1	228	61	453	0	1	0
841	Quad	EL1	ECTri1	120	237	454	0	1	0
842	Quad	EL1	ECTri1	228	120	454	0	1	0
843	Quad	EL1	ECTri1	62	230	455	0	1	0
844	Quad	EL1	ECTri1	229	62	455	0	1	0
845	Quad	EL1	ECTri1	12	237	456	0	1	0
846	Quad	EL1	ECTri1	229	12	456	0	1	0
847	Quad	EL1	ECTri1	122	240	457	0	1	0
848	Quad	EL1	ECTri1	229	122	457	0	1	0
849	Quad	EL1	ECTri1	62	238	458	0	1	0
850	Quad	EL1	ECTri1	230	62	458	0	1	0
851	Quad	EL1	ECTri1	21	232	459	0	1	0
852	Quad	EL1	ECTri1	231	21	459	0	1	0
853	Quad	EL1	ECTri1	21	234	460	0	1	0
854	Quad	EL1	ECTri1	232	21	460	0	1	0
855	Quad	EL1	ECTri1	119	233	461	0	1	0
856	Quad	EL1	ECTri1	232	119	461	0	1	0
857	Quad	EL1	ECTri1	119	235	462	0	1	0
858	Quad	EL1	ECTri1	233	119	462	0	1	0
859	Quad	EL1	ECTri1	38	236	463	0	1	0
860	Quad	EL1	ECTri1	233	38	463	0	1	0
861	Quad	EL1	ECTri1	73	235	464	0	1	0
862	Quad	EL1	ECTri1	234	73	464	0	1	0
863	Quad	EL1	ECTri1	73	273	465	0	1	0
864	Quad	EL1	ECTri1	235	73	465	0	1	0
865	Quad	EL1	ECTri1	138	275	466	0	1	0
866	Quad	EL1	ECTri1	235	138	466	0	1	0
867	Quad	EL1	ECTri1	75	237	467	0	1	0
868	Quad	EL1	ECTri1	236	75	467	0	1	0
869	Quad	EL1	ECTri1	38	275	468	0	1	0
870	Quad	EL1	ECTri1	236	38	468	0	1	0
871	Quad	EL1	ECTri1	139	277	469	0	1	0
872	Quad	EL1	ECTri1	236	139	469	0	1	0
873	Quad	EL1	ECTri1	75	241	470	0	1	0
874	Quad	EL1	ECTri1	237	75	470	0	1	0
875	Quad	EL1	ECTri1	23	239	471	0	1	0
876	Quad	EL1	ECTri1	238	23	471	0	1	0
877	Quad	EL1	ECTri1	62	240	472	0	1	0
878	Quad	EL1	ECTri1	238	62	472	0	1	0
879	Quad	EL1	ECTri1	123	243	473	0	1	0
880	Quad	EL1	ECTri1	238	123	473	0	1	0
881	Quad	EL1	ECTri1	23	244	474	0	1	0
882	Quad	EL1	ECTri1	239	23	474	0	1	0
883	Quad	EL1	ECTri1	122	241	475	0	1	0
884	Quad	EL1	ECTri1	240	122	475	0	1	0
885	Quad	EL1	ECTri1	39	242	476	0	1	0
886	Quad	EL1	ECTri1	240	39	476	0	1	0
887	Quad	EL1	ECTri1	75	277	477	0	1	0
888	Quad	EL1	ECTri1	241	75	477	0	1	0
889	Quad	EL1	ECTri1	140	279	478	0	1	0
890	Quad	EL1	ECTri1	241	140	478	0	1	0
891	Quad	EL1	ECTri1	77	243	479	0	1	0
892	Quad	EL1	ECTri1	242	77	479	0	1	0
893	Quad	EL1	ECTri1	39	279	480	0	1	0
894	Quad	EL1	ECTri1	242	39	480	0	1	0
895	Quad	EL1	ECTri1	141	281	481	0	1	0
896	Quad	EL1	ECTri1	242	141	481	0	1	0
897	Quad	EL1	ECTri1	77	264	482	0	1	0
898	Quad	EL1	ECTri1	243	77	482	0	1	0
899	Quad	EL1	ECTri1	133	244	483	0	1	0
900	Quad	EL1	ECTri1	243	133	483	0	1	0
901	Quad	EL1	ECTri1	70	245	484	0	1	0
902	Quad	EL1	ECTri1	244	70	484	0	1	0
903	Quad	EL1	ECTri1	133	263	485	0	1	0
904	Quad	EL1	ECTri1	244	133	485	0	1	0
905	Quad	EL1	ECTri1	70	260	486	0	1	0
906	Quad	EL1	ECTri1	245	70	486	0	1	0
907	Quad	EL1	ECTri1	125	248	487	0	1	0
908	Quad	EL1	ECTri1	246	125	487	0	1	0
909	Quad	EL1	ECTri1	66	248	488	0	1	0
910	Quad	EL1	ECTri1	247	66	488	0	1	0
911	Quad	EL1	ECTri1	126	250	489	0	1	0
912	Quad	EL1	ECTri1	247	126	489	0	1	0
913	Quad	EL1	ECTri1	20	250	490	0	1	0
914	Quad	EL1	ECTri1	249	20	490	0	1	0
915	Quad	EL1	ECTri1	127	252	491	0	1	0
916	Quad	EL1	ECTri1	249	127	491	0	1	0
917	Quad	EL1	ECTri1	68	252	492	0	1	0
918	Quad	EL1	ECTri1	251	68	492	0	1	0
919	Quad	EL1	ECTri1	128	254	493	0	1	0
920	Quad	EL1	ECTri1	251	128	493	0	1	0
921	Quad	EL1	ECTri1	9	254	494	0	1	0
922	Quad	EL1	ECTri1	253	9	494	0	1	0
923	Quad	EL1	ECTri1	67	255	495	0	1	0
924	Quad	EL1	ECTri1	253	67	495	0	1	0
925	Quad	EL1	ECTri1	130	258	496	0	1	0
926	Quad	EL1	ECTri1	253	130	496	0	1	0
927	Quad	EL1	ECTri1	129	256	497	0	1	0
928	Quad	EL1	ECTri1	255	129	497	0	1	0
929	Quad	EL1	ECTri1	37	257	498	0	1	0
930	Quad	EL1	ECTri1	255	37	498	0	1	0
931	Quad	EL1	ECTri1	69	259	499	0	1	0
932	Quad	EL1	ECTri1	256	69	499	0	1	0
933	Quad	EL1	ECTri1	132	262	500	0	1	0
934	Quad	EL1	ECTri1	256	132	500	0	1	0
935	Quad	EL1	ECTri1	72	258	501	0	1	0
936	Quad	EL1	ECTri1	257	72	501	0	1	0
937	Quad	EL1	ECTri1	37	262	502	0	1	0
938	Quad	EL1	ECTri1	257	37	502	0	1	0
939	Quad	EL1	ECTri1	135	268	503	0	1	0
940	Quad	EL1	ECTri1	257	135	503	0	1	0
941	Quad	EL1	ECTri1	131	260	504	0	1	0
942	Quad	EL1	ECTri1	259	131	504	0	1	0
943	Quad	EL1	ECTri1	13	261	505	0	1	0
944	Quad	EL1	ECTri1	259	13	505	0	1	0
945	Quad	EL1	ECTri1	70	263	506	0	1	0
946	Quad	EL1	ECTri1	260	70	506	0	1	0
947	Quad	EL1	ECTri1	134	266	507	0	1	0
948	Quad	EL1	ECTri1	260	134	507	0	1	0
949	Quad	EL1	ECTri1	71	262	508	0	1	0
950	Quad	EL1	ECTri1	261	71	508	0	1	0
951	Quad	EL1	ECTri1	13	266	509	0	1	0
952	Quad	EL1	ECTri1	261	13	509	0	1	0
953	Quad	EL1	ECTri1	136	269	510	0	1	0
954	Quad	EL1	ECTri1	261	136	510	0	1	0
955	Quad	EL1	ECTri1	71	267	511	0	1	0
956	Quad	EL1	ECTri1	262	71	511	0	1	0
957	Quad	EL1	ECTri1	133	264	512	0	1	0
958	Quad	EL1	ECTri1	263	133	512	0	1	0
959	Quad	EL1	ECTri1	40	265	513	0	1	0
960	Quad	EL1	ECTri1	263	40	513	0	1	0
961	Quad	EL1	ECTri1	77	281	514	0	1	0
962	Quad	EL1	ECTri1	264	77	514	3014800	1	0
963	Quad	EL1	ECTri1	142	283	515	0	1	0
964	Quad	EL1	ECTri1	264	142	515	0	1	0
965	Quad	EL1	ECTri1	79	266	516	0	1	0
966	Quad	EL1	ECTri1	265	79	516	0	1	0
967	Quad	EL1	ECTri1	40	283	517	0	1	0
968	Quad	EL1	ECTri1	265	40	517	0	1	0
969	Quad	EL1	ECTri1	143	285	518	0	1	0
970	Quad	EL1	ECTri1	265	143	518	0	1	0
971	Quad	EL1	ECTri1	79	270	519	0	1	0
972	Quad	EL1	ECTri1	266	79	519	0	1	0
973	Quad	EL1	ECTri1	25	268	520	0	1	0
974	Quad	EL1	ECTri1	267	25	520	0	1	0
975	Quad	EL1	ECTri1	71	269	521	0	1	0
976	Quad	EL1	ECTri1	267	71	521	0	1	0
977	Quad	EL1	ECTri1	137	272	522	0	1	0
978	Quad	EL1	ECTri1	267	137	522	0	1	0
979	Quad	EL1	ECTri1	136	270	523	0	1	0
980	Quad	EL1	ECTri1	269	136	523	0	1	0
981	Quad	EL1	ECTri1	41	271	524	0	1	0
982	Quad	EL1	ECTri1	269	41	524	0	1	0
983	Quad	EL1	ECTri1	79	285	525	0	1	0
984	Quad	EL1	ECTri1	270	79	525	0	1	0
985	Quad	EL1	ECTri1	144	287	526	0	1	0
986	Quad	EL1	ECTri1	270	144	526	0	1	0
987	Quad	EL1	ECTri1	81	272	527	0	1	0
988	Quad	EL1	ECTri1	271	81	527	0	1	0
989	Quad	EL1	ECTri1	41	287	528	0	1	0
990	Quad	EL1	ECTri1	271	41	528	0	1	0
991	Quad	EL1	ECTri1	145	289	529	0	1	0
992	Quad	EL1	ECTri1	271	145	529	0	1	0
993	Quad	EL1	ECTri1	3	274	530	0	1	0
994	Quad	EL1	ECTri1	273	3	530	0	1	0
995	Quad	EL1	ECTri1	74	275	531	0	1	0
996	Quad	EL1	ECTri1	274	74	531	0	1	0
997	Quad	EL1	ECTri1	74	276	532	0	1	0
998	Quad	EL1	ECTri1	275	74	532	0	1	0
999	Quad	EL1	ECTri1	22	277	533	0	1	0
1000	Quad	EL1	ECTri1	276	22	533	0	1	0
1001	Quad	EL1	ECTri1	22	278	534	0	1	0
1002	Quad	EL1	ECTri1	277	22	534	0	1	0
1003	Quad	EL1	ECTri1	76	279	535	0	1	0
1004	Quad	EL1	ECTri1	278	76	535	0	1	0
1005	Quad	EL1	ECTri1	76	280	536	0	1	0
1006	Quad	EL1	ECTri1	279	76	536	0	1	0
1007	Quad	EL1	ECTri1	8	281	537	0	1	0
1008	Quad	EL1	ECTri1	280	8	537	0	1	0
1009	Quad	EL1	ECTri1	8	282	538	0	1	0
1010	Quad	EL1	ECTri1	281	8	538	0	1	0
1011	Quad	EL1	ECTri1	78	283	539	0	1	0
1012	Quad	EL1	ECTri1	282	78	539	0	1	0
1013	Quad	EL1	ECTri1	78	284	540	0	1	0
1014	Quad	EL1	ECTri1	283	78	540	0	1	0
1015	Quad	EL1	ECTri1	24	285	541	0	1	0
1016	Quad	EL1	ECTri1	284	24	541	0	1	0
1017	Quad	EL1	ECTri1	24	286	542	0	1	0
1018	Quad	EL1	ECTri1	285	24	542	0	1	0
1019	Quad	EL1	ECTri1	80	287	543	0	1	0
1020	Quad	EL1	ECTri1	286	80	543	0	1	0
1021	Quad	EL1	ECTri1	80	288	544	0	1	0
1022	Quad	EL1	ECTri1	287	80	544	0	1	0
1023	Quad	EL1	ECTri1	2	289	545	0	1	0
1024	Quad	EL1	ECTri1	288	2	545	0	1	0

BEGIN_MATERIALS
EL1	200	0.9

BEGIN_ELEMENT_CONTROLS
ECTri1	PlaneStress	0

BEGIN_BOUNDARY_CONDITIONS
1	Node	1	DX	0	DY	0	

BEGIN_CONTROLS
StartingTime	0
NumberSteps	5
StepSize	0.1
ActiveStep	0
ActiveTime	0
OutputEvery	1
Solver	UmfPack
StiffnessReduction	0
OutputVariables
ScreenOutput

BEGIN_OUTPUT_VARIABLES
Time	0

